debian@arm:~$ sudo ./USBProxy/src/usb-mitm -l
[sudo] password for debian: 
SIGRTMIN: 34
cleaning up /tmp
removing 0
Made directory /tmp/gadget-pZnduw for gadget
Made directory /tmp/mqueue-qJC8nV for mqueue
cleaning up /tmp/mqueue-qJC8nV
removing 0
Device: 12 01 00 02 00 00 00 40 6f 0e 41 02 00 01 01 02 03 01
  Manufacturer: PDP LIMITED. 
  Product:      LEGO READER V2.10
  Serial:       P.D.P.000000
*Config(1): 09 02 29 00 01 01 00 80 fa
Interface(0):
*Alt(0): 09 04 00 00 02 03 00 00 00
HID: 09 21 00 01 00 01 22 1d 00
EP(81): 07 05 81 03 20 00 01
EP(01): 07 05 01 03 20 00 01
searching in [/tmp/gadget-pZnduw]
Starting setup writer thread (2074) for EP00.
Starting setup reader thread (2073) for EP00.
[00 09 01 00 00 00 00 00]
Opened EP81
Opened EP01
Starting writer thread (2079) for EP01.
Starting reader thread (2078) for EP01.
Starting writer thread (2077) for EP81.
Starting reader thread (2076) for EP81.
01[32]: 55 0f b0 01 28 63 29 20 4c 45 47 4f 20 32 30 31 34 f7 00 00 00 00 00 00 00 00 00 00 00 00 00 00
81[32]: 55 19 01 00 2f 02 01 02 02 04 02 f5 00 19 8b 54 4d b4 cd ae 45 24 80 0e 00 f0 25 20 00 00 00 00
01[32]: 55 06 c0 02 00 ff 6e 18 a2 00 00 00 00 00 00 00 00 00 00 00 00 00 00 00 00 00 00 00 00 00 00 00
81[32]: 55 01 02 58 00 00 00 00 00 00 00 00 00 00 00 00 00 00 00 00 00 00 00 00 00 00 00 00 00 00 00 00
01[32]: 55 0a b1 03 3b 9d 2d 11 4b 26 c8 52 b4 00 00 00 00 00 00 00 00 00 00 00 00 00 00 00 00 00 00 00
81[32]: 55 09 03 00 92 21 b6 6b 33 b4 ed 09 00 00 00 00 00 00 00 00 00 00 00 00 00 00 00 00 00 00 00 00
01[32]: 55 0a b3 04 fd 78 3a a8 20 55 20 ee f0 00 00 00 00 00 00 00 00 00 00 00 00 00 00 00 00 00 00 00
81[32]: 55 09 04 4c af 15 d1 25 06 75 76 59 00 00 00 00 00 00 00 00 00 00 00 00 00 00 00 00 00 00 00 00
01[32]: 55 14 c6 05 01 1e 01 ff 00 00 01 1e 01 ff 00 00 01 1e 01 ff 00 00 91 00 00 00 00 00 00 00 00 00
81[32]: 55 01 05 5b 00 00 00 00 00 00 00 00 00 00 00 00 00 00 00 00 00 00 00 00 00 00 00 00 00 00 00 00
01[32]: 55 14 c6 06 01 1e 01 ff 6e 00 01 1e 01 ff 6e 00 01 1e 01 ff 6e 00 dc 00 00 00 00 00 00 00 00 00
81[32]: 55 01 06 5c 00 00 00 00 00 00 00 00 00 00 00 00 00 00 00 00 00 00 00 00 00 00 00 00 00 00 00 00
01[32]: 55 14 c6 07 01 1e 01 00 6e 00 01 1e 01 00 6e 00 01 1e 01 00 6e 00 e0 00 00 00 00 00 00 00 00 00
81[32]: 55 01 07 5d 00 00 00 00 00 00 00 00 00 00 00 00 00 00 00 00 00 00 00 00 00 00 00 00 00 00 00 00
01[32]: 55 14 c6 08 01 1e 01 00 6e 18 01 1e 01 00 6e 18 01 1e 01 00 6e 18 29 00 00 00 00 00 00 00 00 00
81[32]: 55 01 08 5e 00 00 00 00 00 00 00 00 00 00 00 00 00 00 00 00 00 00 00 00 00 00 00 00 00 00 00 00
01[32]: 55 14 c6 09 01 1e 01 00 00 18 01 1e 01 00 00 18 01 1e 01 00 00 18 e0 00 00 00 00 00 00 00 00 00
81[32]: 55 01 09 5f 00 00 00 00 00 00 00 00 00 00 00 00 00 00 00 00 00 00 00 00 00 00 00 00 00 00 00 00
01[32]: 55 14 c6 0a 01 1e 01 ff 00 18 01 1e 01 ff 00 18 01 1e 01 ff 00 18 de 00 00 00 00 00 00 00 00 00
81[32]: 55 01 0a 60 00 00 00 00 00 00 00 00 00 00 00 00 00 00 00 00 00 00 00 00 00 00 00 00 00 00 00 00
01[32]: 55 14 c6 0b 01 1e 01 ff 00 00 01 1e 01 ff 00 00 01 1e 01 ff 00 00 97 00 00 00 00 00 00 00 00 00
81[32]: 55 01 0b 61 00 00 00 00 00 00 00 00 00 00 00 00 00 00 00 00 00 00 00 00 00 00 00 00 00 00 00 00
01[32]: 55 14 c6 0c 01 1e 01 ff 6e 00 01 1e 01 ff 6e 00 01 1e 01 ff 6e 00 e2 00 00 00 00 00 00 00 00 00
81[32]: 55 01 0c 62 00 00 00 00 00 00 00 00 00 00 00 00 00 00 00 00 00 00 00 00 00 00 00 00 00 00 00 00
01[32]: 55 14 c6 0d 01 1e 01 00 6e 00 01 1e 01 00 6e 00 01 1e 01 00 6e 00 e6 00 00 00 00 00 00 00 00 00
81[32]: 55 01 0d 63 00 00 00 00 00 00 00 00 00 00 00 00 00 00 00 00 00 00 00 00 00 00 00 00 00 00 00 00
01[32]: 55 14 c6 0e 01 1e 01 00 6e 18 01 1e 01 00 6e 18 01 1e 01 00 6e 18 2f 00 00 00 00 00 00 00 00 00
81[32]: 55 01 0e 64 00 00 00 00 00 00 00 00 00 00 00 00 00 00 00 00 00 00 00 00 00 00 00 00 00 00 00 00
01[32]: 55 14 c6 0f 01 1e 01 00 00 18 01 1e 01 00 00 18 01 1e 01 00 00 18 e6 00 00 00 00 00 00 00 00 00
81[32]: 55 01 0f 65 00 00 00 00 00 00 00 00 00 00 00 00 00 00 00 00 00 00 00 00 00 00 00 00 00 00 00 00
01[32]: 55 14 c6 10 01 1e 01 ff 00 18 01 1e 01 ff 00 18 01 1e 01 ff 00 18 e4 00 00 00 00 00 00 00 00 00
81[32]: 55 01 10 66 00 00 00 00 00 00 00 00 00 00 00 00 00 00 00 00 00 00 00 00 00 00 00 00 00 00 00 00
01[32]: 55 14 c6 11 01 1e 01 ff 00 00 01 1e 01 ff 00 00 01 1e 01 ff 00 00 9d 00 00 00 00 00 00 00 00 00
81[32]: 55 01 11 67 00 00 00 00 00 00 00 00 00 00 00 00 00 00 00 00 00 00 00 00 00 00 00 00 00 00 00 00
01[32]: 55 14 c6 12 01 1e 01 ff 6e 00 01 1e 01 ff 6e 00 01 1e 01 ff 6e 00 e8 00 00 00 00 00 00 00 00 00
81[32]: 55 01 12 68 00 00 00 00 00 00 00 00 00 00 00 00 00 00 00 00 00 00 00 00 00 00 00 00 00 00 00 00
01[32]: 55 14 c6 13 01 1e 01 00 6e 00 01 1e 01 00 6e 00 01 1e 01 00 6e 00 ec 00 00 00 00 00 00 00 00 00
81[32]: 55 01 13 69 00 00 00 00 00 00 00 00 00 00 00 00 00 00 00 00 00 00 00 00 00 00 00 00 00 00 00 00
01[32]: 55 14 c6 14 01 1e 01 00 6e 18 01 1e 01 00 6e 18 01 1e 01 00 6e 18 35 00 00 00 00 00 00 00 00 00
81[32]: 55 01 14 6a 00 00 00 00 00 00 00 00 00 00 00 00 00 00 00 00 00 00 00 00 00 00 00 00 00 00 00 00
01[32]: 55 14 c6 15 01 1e 01 00 00 18 01 1e 01 00 00 18 01 1e 01 00 00 18 ec 00 00 00 00 00 00 00 00 00
81[32]: 55 01 15 6b 00 00 00 00 00 00 00 00 00 00 00 00 00 00 00 00 00 00 00 00 00 00 00 00 00 00 00 00
01[32]: 55 14 c6 16 01 1e 01 ff 00 18 01 1e 01 ff 00 18 01 1e 01 ff 00 18 ea 00 00 00 00 00 00 00 00 00
81[32]: 55 01 16 6c 00 00 00 00 00 00 00 00 00 00 00 00 00 00 00 00 00 00 00 00 00 00 00 00 00 00 00 00
01[32]: 55 14 c6 17 01 1e 01 ff 00 00 01 1e 01 ff 00 00 01 1e 01 ff 00 00 a3 00 00 00 00 00 00 00 00 00
81[32]: 55 01 17 6d 00 00 00 00 00 00 00 00 00 00 00 00 00 00 00 00 00 00 00 00 00 00 00 00 00 00 00 00
01[32]: 55 14 c6 18 01 1e 01 ff 6e 00 01 1e 01 ff 6e 00 01 1e 01 ff 6e 00 ee 00 00 00 00 00 00 00 00 00
81[32]: 55 01 18 6e 00 00 00 00 00 00 00 00 00 00 00 00 00 00 00 00 00 00 00 00 00 00 00 00 00 00 00 00
01[32]: 55 14 c6 19 01 1e 01 00 6e 00 01 1e 01 00 6e 00 01 1e 01 00 6e 00 f2 00 00 00 00 00 00 00 00 00
81[32]: 55 01 19 6f 00 00 00 00 00 00 00 00 00 00 00 00 00 00 00 00 00 00 00 00 00 00 00 00 00 00 00 00
01[32]: 55 14 c6 1a 01 1e 01 00 6e 18 01 1e 01 00 6e 18 01 1e 01 00 6e 18 3b 00 00 00 00 00 00 00 00 00
81[32]: 55 01 1a 70 00 00 00 00 00 00 00 00 00 00 00 00 00 00 00 00 00 00 00 00 00 00 00 00 00 00 00 00
01[32]: 55 14 c6 1b 01 1e 01 00 00 18 01 1e 01 00 00 18 01 1e 01 00 00 18 f2 00 00 00 00 00 00 00 00 00
81[32]: 55 01 1b 71 00 00 00 00 00 00 00 00 00 00 00 00 00 00 00 00 00 00 00 00 00 00 00 00 00 00 00 00
01[32]: 55 14 c6 1c 01 1e 01 ff 00 18 01 1e 01 ff 00 18 01 1e 01 ff 00 18 f0 00 00 00 00 00 00 00 00 00
81[32]: 55 01 1c 72 00 00 00 00 00 00 00 00 00 00 00 00 00 00 00 00 00 00 00 00 00 00 00 00 00 00 00 00
01[32]: 55 14 c6 1d 01 1e 01 ff 00 00 01 1e 01 ff 00 00 01 1e 01 ff 00 00 a9 00 00 00 00 00 00 00 00 00
81[32]: 55 01 1d 73 00 00 00 00 00 00 00 00 00 00 00 00 00 00 00 00 00 00 00 00 00 00 00 00 00 00 00 00
01[32]: 55 14 c6 1e 01 1e 01 ff 6e 00 01 1e 01 ff 6e 00 01 1e 01 ff 6e 00 f4 00 00 00 00 00 00 00 00 00
81[32]: 55 01 1e 74 00 00 00 00 00 00 00 00 00 00 00 00 00 00 00 00 00 00 00 00 00 00 00 00 00 00 00 00
01[32]: 55 14 c6 1f 01 1e 01 00 6e 00 01 1e 01 00 6e 00 01 1e 01 00 6e 00 f8 00 00 00 00 00 00 00 00 00
81[32]: 55 01 1f 75 00 00 00 00 00 00 00 00 00 00 00 00 00 00 00 00 00 00 00 00 00 00 00 00 00 00 00 00
01[32]: 55 14 c6 20 01 1e 01 00 6e 18 01 1e 01 00 6e 18 01 1e 01 00 6e 18 41 00 00 00 00 00 00 00 00 00
81[32]: 55 01 20 76 00 00 00 00 00 00 00 00 00 00 00 00 00 00 00 00 00 00 00 00 00 00 00 00 00 00 00 00
01[32]: 55 14 c6 21 01 1e 01 00 00 18 01 1e 01 00 00 18 01 1e 01 00 00 18 f8 00 00 00 00 00 00 00 00 00
81[32]: 55 01 21 77 00 00 00 00 00 00 00 00 00 00 00 00 00 00 00 00 00 00 00 00 00 00 00 00 00 00 00 00
01[32]: 55 14 c6 22 01 1e 01 ff 00 18 01 1e 01 ff 00 18 01 1e 01 ff 00 18 f6 00 00 00 00 00 00 00 00 00
81[32]: 55 01 22 78 00 00 00 00 00 00 00 00 00 00 00 00 00 00 00 00 00 00 00 00 00 00 00 00 00 00 00 00
01[32]: 55 14 c6 23 01 1e 01 ff 00 00 01 1e 01 ff 00 00 01 1e 01 ff 00 00 af 00 00 00 00 00 00 00 00 00
81[32]: 55 01 23 79 00 00 00 00 00 00 00 00 00 00 00 00 00 00 00 00 00 00 00 00 00 00 00 00 00 00 00 00
01[32]: 55 14 c6 24 01 1e 01 ff 6e 00 01 1e 01 ff 6e 00 01 1e 01 ff 6e 00 fa 00 00 00 00 00 00 00 00 00
81[32]: 55 01 24 7a 00 00 00 00 00 00 00 00 00 00 00 00 00 00 00 00 00 00 00 00 00 00 00 00 00 00 00 00
01[32]: 55 14 c6 25 01 1e 01 00 6e 00 01 1e 01 00 6e 00 01 1e 01 00 6e 00 fe 00 00 00 00 00 00 00 00 00
81[32]: 55 01 25 7b 00 00 00 00 00 00 00 00 00 00 00 00 00 00 00 00 00 00 00 00 00 00 00 00 00 00 00 00
01[32]: 55 14 c6 26 01 1e 01 00 6e 18 01 1e 01 00 6e 18 01 1e 01 00 6e 18 47 00 00 00 00 00 00 00 00 00
81[32]: 55 01 26 7c 00 00 00 00 00 00 00 00 00 00 00 00 00 00 00 00 00 00 00 00 00 00 00 00 00 00 00 00
01[32]: 55 14 c6 27 01 1e 01 00 00 18 01 1e 01 00 00 18 01 1e 01 00 00 18 fe 00 00 00 00 00 00 00 00 00
81[32]: 55 01 27 7d 00 00 00 00 00 00 00 00 00 00 00 00 00 00 00 00 00 00 00 00 00 00 00 00 00 00 00 00
01[32]: 55 14 c6 28 01 1e 01 ff 00 18 01 1e 01 ff 00 18 01 1e 01 ff 00 18 fc 00 00 00 00 00 00 00 00 00
81[32]: 55 01 28 7e 00 00 00 00 00 00 00 00 00 00 00 00 00 00 00 00 00 00 00 00 00 00 00 00 00 00 00 00
01[32]: 55 14 c6 29 01 1e 01 ff 00 00 01 1e 01 ff 00 00 01 1e 01 ff 00 00 b5 00 00 00 00 00 00 00 00 00
81[32]: 55 01 29 7f 00 00 00 00 00 00 00 00 00 00 00 00 00 00 00 00 00 00 00 00 00 00 00 00 00 00 00 00
01[32]: 55 14 c6 2a 01 1e 01 ff 6e 00 01 1e 01 ff 6e 00 01 1e 01 ff 6e 00 00 00 00 00 00 00 00 00 00 00
81[32]: 55 01 2a 80 00 00 00 00 00 00 00 00 00 00 00 00 00 00 00 00 00 00 00 00 00 00 00 00 00 00 00 00
01[32]: 55 14 c6 2b 01 1e 01 00 6e 00 01 1e 01 00 6e 00 01 1e 01 00 6e 00 04 00 00 00 00 00 00 00 00 00
81[32]: 55 01 2b 81 00 00 00 00 00 00 00 00 00 00 00 00 00 00 00 00 00 00 00 00 00 00 00 00 00 00 00 00
01[32]: 55 14 c6 2c 01 1e 01 00 6e 18 01 1e 01 00 6e 18 01 1e 01 00 6e 18 4d 00 00 00 00 00 00 00 00 00
81[32]: 55 01 2c 82 00 00 00 00 00 00 00 00 00 00 00 00 00 00 00 00 00 00 00 00 00 00 00 00 00 00 00 00
01[32]: 55 14 c6 2d 01 1e 01 00 00 18 01 1e 01 00 00 18 01 1e 01 00 00 18 04 00 00 00 00 00 00 00 00 00
81[32]: 55 01 2d 83 00 00 00 00 00 00 00 00 00 00 00 00 00 00 00 00 00 00 00 00 00 00 00 00 00 00 00 00
01[32]: 55 14 c6 2e 01 1e 01 ff 00 18 01 1e 01 ff 00 18 01 1e 01 ff 00 18 02 00 00 00 00 00 00 00 00 00
81[32]: 55 01 2e 84 00 00 00 00 00 00 00 00 00 00 00 00 00 00 00 00 00 00 00 00 00 00 00 00 00 00 00 00
01[32]: 55 14 c6 2f 01 1e 01 ff 00 00 01 1e 01 ff 00 00 01 1e 01 ff 00 00 bb 00 00 00 00 00 00 00 00 00
81[32]: 55 01 2f 85 00 00 00 00 00 00 00 00 00 00 00 00 00 00 00 00 00 00 00 00 00 00 00 00 00 00 00 00
01[32]: 55 14 c6 30 01 1e 01 ff 6e 00 01 1e 01 ff 6e 00 01 1e 01 ff 6e 00 06 00 00 00 00 00 00 00 00 00
81[32]: 55 01 30 86 00 00 00 00 00 00 00 00 00 00 00 00 00 00 00 00 00 00 00 00 00 00 00 00 00 00 00 00
01[32]: 55 14 c6 31 01 1e 01 00 6e 00 01 1e 01 00 6e 00 01 1e 01 00 6e 00 0a 00 00 00 00 00 00 00 00 00
81[32]: 55 01 31 87 00 00 00 00 00 00 00 00 00 00 00 00 00 00 00 00 00 00 00 00 00 00 00 00 00 00 00 00
01[32]: 55 14 c6 32 01 1e 01 00 6e 18 01 1e 01 00 6e 18 01 1e 01 00 6e 18 53 00 00 00 00 00 00 00 00 00
81[32]: 55 01 32 88 00 00 00 00 00 00 00 00 00 00 00 00 00 00 00 00 00 00 00 00 00 00 00 00 00 00 00 00
01[32]: 55 14 c6 33 01 1e 01 00 00 18 01 1e 01 00 00 18 01 1e 01 00 00 18 0a 00 00 00 00 00 00 00 00 00
81[32]: 55 01 33 89 00 00 00 00 00 00 00 00 00 00 00 00 00 00 00 00 00 00 00 00 00 00 00 00 00 00 00 00
01[32]: 55 14 c6 34 01 1e 01 ff 00 18 01 1e 01 ff 00 18 01 1e 01 ff 00 18 08 00 00 00 00 00 00 00 00 00
81[32]: 55 01 34 8a 00 00 00 00 00 00 00 00 00 00 00 00 00 00 00 00 00 00 00 00 00 00 00 00 00 00 00 00
01[32]: 55 14 c6 35 01 1e 01 ff 00 00 01 1e 01 ff 00 00 01 1e 01 ff 00 00 c1 00 00 00 00 00 00 00 00 00
81[32]: 55 01 35 8b 00 00 00 00 00 00 00 00 00 00 00 00 00 00 00 00 00 00 00 00 00 00 00 00 00 00 00 00
01[32]: 55 14 c6 36 01 1e 01 ff 6e 00 01 1e 01 ff 6e 00 01 1e 01 ff 6e 00 0c 00 00 00 00 00 00 00 00 00
81[32]: 55 01 36 8c 00 00 00 00 00 00 00 00 00 00 00 00 00 00 00 00 00 00 00 00 00 00 00 00 00 00 00 00
01[32]: 55 14 c6 37 01 1e 01 00 6e 00 01 1e 01 00 6e 00 01 1e 01 00 6e 00 10 00 00 00 00 00 00 00 00 00
81[32]: 55 01 37 8d 00 00 00 00 00 00 00 00 00 00 00 00 00 00 00 00 00 00 00 00 00 00 00 00 00 00 00 00
01[32]: 55 14 c6 38 01 1e 01 00 6e 18 01 1e 01 00 6e 18 01 1e 01 00 6e 18 59 00 00 00 00 00 00 00 00 00
81[32]: 55 01 38 8e 00 00 00 00 00 00 00 00 00 00 00 00 00 00 00 00 00 00 00 00 00 00 00 00 00 00 00 00
01[32]: 55 14 c6 39 01 1e 01 00 00 18 01 1e 01 00 00 18 01 1e 01 00 00 18 10 00 00 00 00 00 00 00 00 00
81[32]: 55 01 39 8f 00 00 00 00 00 00 00 00 00 00 00 00 00 00 00 00 00 00 00 00 00 00 00 00 00 00 00 00
01[32]: 55 14 c6 3a 01 1e 01 ff 00 18 01 1e 01 ff 00 18 01 1e 01 ff 00 18 0e 00 00 00 00 00 00 00 00 00
81[32]: 55 01 3a 90 00 00 00 00 00 00 00 00 00 00 00 00 00 00 00 00 00 00 00 00 00 00 00 00 00 00 00 00
01[32]: 55 14 c6 3b 01 1e 01 ff 00 00 01 1e 01 ff 00 00 01 1e 01 ff 00 00 c7 00 00 00 00 00 00 00 00 00
81[32]: 55 01 3b 91 00 00 00 00 00 00 00 00 00 00 00 00 00 00 00 00 00 00 00 00 00 00 00 00 00 00 00 00
01[32]: 55 14 c6 3c 01 1e 01 ff 6e 00 01 1e 01 ff 6e 00 01 1e 01 ff 6e 00 12 00 00 00 00 00 00 00 00 00
81[32]: 55 01 3c 92 00 00 00 00 00 00 00 00 00 00 00 00 00 00 00 00 00 00 00 00 00 00 00 00 00 00 00 00
01[32]: 55 14 c6 3d 01 1e 01 00 6e 00 01 1e 01 00 6e 00 01 1e 01 00 6e 00 16 00 00 00 00 00 00 00 00 00
81[32]: 55 01 3d 93 00 00 00 00 00 00 00 00 00 00 00 00 00 00 00 00 00 00 00 00 00 00 00 00 00 00 00 00
01[32]: 55 14 c6 3e 01 1e 01 00 6e 18 01 1e 01 00 6e 18 01 1e 01 00 6e 18 5f 00 00 00 00 00 00 00 00 00
81[32]: 55 01 3e 94 00 00 00 00 00 00 00 00 00 00 00 00 00 00 00 00 00 00 00 00 00 00 00 00 00 00 00 00
01[32]: 55 14 c6 3f 01 1e 01 00 00 18 01 1e 01 00 00 18 01 1e 01 00 00 18 16 00 00 00 00 00 00 00 00 00
81[32]: 55 01 3f 95 00 00 00 00 00 00 00 00 00 00 00 00 00 00 00 00 00 00 00 00 00 00 00 00 00 00 00 00
01[32]: 55 14 c6 00 01 1e 01 ff 00 18 01 1e 01 ff 00 18 01 1e 01 ff 00 18 d4 00 00 00 00 00 00 00 00 00
81[32]: 55 01 00 56 00 00 00 00 00 00 00 00 00 00 00 00 00 00 00 00 00 00 00 00 00 00 00 00 00 00 00 00
01[32]: 55 14 c6 01 01 1e 01 ff 00 00 01 1e 01 ff 00 00 01 1e 01 ff 00 00 8d 00 00 00 00 00 00 00 00 00
81[32]: 55 01 01 57 00 00 00 00 00 00 00 00 00 00 00 00 00 00 00 00 00 00 00 00 00 00 00 00 00 00 00 00
01[32]: 55 14 c6 02 01 1e 01 ff 6e 00 01 1e 01 ff 6e 00 01 1e 01 ff 6e 00 d8 00 00 00 00 00 00 00 00 00
81[32]: 55 01 02 58 00 00 00 00 00 00 00 00 00 00 00 00 00 00 00 00 00 00 00 00 00 00 00 00 00 00 00 00
01[32]: 55 14 c6 03 01 1e 01 00 6e 00 01 1e 01 00 6e 00 01 1e 01 00 6e 00 dc 00 00 00 00 00 00 00 00 00
81[32]: 55 01 03 59 00 00 00 00 00 00 00 00 00 00 00 00 00 00 00 00 00 00 00 00 00 00 00 00 00 00 00 00
01[32]: 55 14 c6 04 01 1e 01 00 6e 18 01 1e 01 00 6e 18 01 1e 01 00 6e 18 25 00 00 00 00 00 00 00 00 00