Document conventions:
numbering starts from 0

Always starts with 0x55










81[32]: 55 01 15 6b 00 00 00 00 00 00 00 00 00 00 00 00 00 00 00 00 00 00 00 00 00 00 00 00 00 00 00 00
01[32]: 55 14 c6 16 01 1e 01 ff 00 18 01 1e 01 ff 00 18 01 1e 01 ff 00 18 ea 00 00 00 00 00 00 00 00 00
81[32]: 55 01 16 6c 00 00 00 00 00 00 00 00 00 00 00 00 00 00 00 00 00 00 00 00 00 00 00 00 00 00 00 00
01[32]: 55 14 c6 17 01 1e 01 ff 00 00 01 1e 01 ff 00 00 01 1e 01 ff 00 00 a3 00 00 00 00 00 00 00 00 00
81[32]: 55 01 17 6d 00 00 00 00 00 00 00 00 00 00 00 00 00 00 00 00 00 00 00 00 00 00 00 00 00 00 00 00
01[32]: 55 14 c6 18 01 1e 01 ff 6e 00 01 1e 01 ff 6e 00 01 1e 01 ff 6e 00 ee 00 00 00 00 00 00 00 00 00
81[32]: 55 01 18 6e 00 00 00 00 00 00 00 00 00 00 00 00 00 00 00 00 00 00 00 00 00 00 00 00 00 00 00 00
01[32]: 55 14 c6 19 01 1e 01 00 6e 00 01 1e 01 00 6e 00 01 1e 01 00 6e 00 f2 00 00 00 00 00 00 00 00 00


EP 01:
01[32]: 55 14 c6 16 01 1e 01 ff 00 18 01 1e 01 ff 00 18 01 1e 01 ff 00 18 ea 00 00 00 00 00 00 00 00 00
01[32]: 55 14 c6 17 01 1e 01 ff 00 00 01 1e 01 ff 00 00 01 1e 01 ff 00 00 a3 00 00 00 00 00 00 00 00 00
01[32]: 55 14 c6 18 01 1e 01 ff 6e 00 01 1e 01 ff 6e 00 01 1e 01 ff 6e 00 ee 00 00 00 00 00 00 00 00 00
01[32]: 55 14 c6 19 01 1e 01 00 6e 00 01 1e 01 00 6e 00 01 1e 01 00 6e 00 f2 00 00 00 00 00 00 00 00 00

Byte 0 always 0x55
Byte 1 always 0x14
Byte 2 always 0xc6
Byte 3 looks like a counter
Byte 4 always 01
Byte 5 always 1e
Byte 6 always 01
Byte 7 can change

EP 81:
81[32]: 55 01 15 6b 00 00 00 00 00 00 00 00 00 00 00 00 00 00 00 00 00 00 00 00 00 00 00 00 00 00 00 00
81[32]: 55 01 16 6c 00 00 00 00 00 00 00 00 00 00 00 00 00 00 00 00 00 00 00 00 00 00 00 00 00 00 00 00
81[32]: 55 01 17 6d 00 00 00 00 00 00 00 00 00 00 00 00 00 00 00 00 00 00 00 00 00 00 00 00 00 00 00 00
81[32]: 55 01 18 6e 00 00 00 00 00 00 00 00 00 00 00 00 00 00 00 00 00 00 00 00 00 00 00 00 00 00 00 00

Byte 0 always 0x55
Byte 1 always 0x01
Byte 2 looks like a counter
Byte 3 looks like a counter






HYPOTHESIS:
	Protocol will start with a handshake
	Commands to change colour of pads will follow
	Colour values will consist of 3 sets of 3 byte RGB values. ex. [(0x00,0x00,0xff), (0x00,0x00,0xff), (0x00,0x00,0xff)]