NFC Notes

Wyldstyle tag dump excerpt:
Card UID: 04 9A 74 6A 0B 40 80
(This is one of the four tags used in the 2015-11-16 play session)


#0x56# 00: Magic number, always 0x56
#0x0b# 01: ?
#0x02# 02: Pad number? (known values: 0x01, 0x02, 0x03) - Confirm by sniffing
#0x00# 03: (known values: 0x00) - Confirm by sniffing
#0x00# 04: (known values: 0x00, 0x02) ?previous pad number? - Confirm by sniffing
#0x00# 05: Tag placed/removed? (known values: 0x00, 0x01) - Confirm by sniffing
#0x04# 06: NFC UID 0
#0x9a# 07: NFC UID 1
#0x74# 08: NFC UID 2
#0x6a# 09: NFC UID 3
#0x0b# 10: NFC UID 4
#0x40# 11: NFC UID 5
#0x80# 12: NFC UID 6
#0xaa# 13: ?Checksum? - Confirm by generating and comparing using known algorithm
#0x00# 14-31: Padding
#0x00#
#0x00#
#0x00#
#0x00#
#0x00#
#0x00#
#0x00#
#0x00#
#0x00#
#0x00#
#0x00# 
#0x00#
#0x00#
#0x00#
#0x00#
#0x00#
#0x00# 15-31: Padding



# USB dump excerpts:
81[32]: 56 0b 01 00 00 00 04 9a 74 6a 0b 40 80 a9 00 00 00 00 00 00 00 00 00 00 00 00 00 00 00 00 00 00
81[32]: 56 0b 01 00 00 01 04 9a 74 6a 0b 40 80 aa 00 00 00 00 00 00 00 00 00 00 00 00 00 00 00 00 00 00
81[32]: 56 0b 01 00 00 00 04 9a 74 6a 0b 40 80 a9 00 00 00 00 00 00 00 00 00 00 00 00 00 00 00 00 00 00
81[32]: 56 0b 01 00 00 01 04 9a 74 6a 0b 40 80 aa 00 00 00 00 00 00 00 00 00 00 00 00 00 00 00 00 00 00
81[32]: 56 0b 01 00 00 00 04 9a 74 6a 0b 40 80 a9 00 00 00 00 00 00 00 00 00 00 00 00 00 00 00 00 00 00
81[32]: 56 0b 01 00 00 01 04 9a 74 6a 0b 40 80 aa 00 00 00 00 00 00 00 00 00 00 00 00 00 00 00 00 00 00
81[32]: 56 0b 01 00 00 01 04 9a 74 6a 0b 40 80 aa 00 00 00 00 00 00 00 00 00 00 00 00 00 00 00 00 00 00
81[32]: 56 0b 01 00 00 00 04 9a 74 6a 0b 40 80 a9 00 00 00 00 00 00 00 00 00 00 00 00 00 00 00 00 00 00
81[32]: 56 0b 01 00 00 01 04 9a 74 6a 0b 40 80 aa 00 00 00 00 00 00 00 00 00 00 00 00 00 00 00 00 00 00
81[32]: 56 0b 01 00 00 00 04 9a 74 6a 0b 40 80 a9 00 00 00 00 00 00 00 00 00 00 00 00 00 00 00 00 00 00


81[32]: 56 0b 02 00 00 01 04 9a 74 6a 0b 40 80 ab 00 00 00 00 00 00 00 00 00 00 00 00 00 00 00 00 00 00
81[32]: 56 0b 02 00 00 00 04 9a 74 6a 0b 40 80 aa 00 00 00 00 00 00 00 00 00 00 00 00 00 00 00 00 00 00
81[32]: 56 0b 02 00 00 01 04 9a 74 6a 0b 40 80 ab 00 00 00 00 00 00 00 00 00 00 00 00 00 00 00 00 00 00
81[32]: 56 0b 02 00 00 00 04 9a 74 6a 0b 40 80 aa 00 00 00 00 00 00 00 00 00 00 00 00 00 00 00 00 00 00
81[32]: 56 0b 02 00 00 01 04 9a 74 6a 0b 40 80 ab 00 00 00 00 00 00 00 00 00 00 00 00 00 00 00 00 00 00
81[32]: 56 0b 02 00 00 00 04 9a 74 6a 0b 40 80 aa 00 00 00 00 00 00 00 00 00 00 00 00 00 00 00 00 00 00
81[32]: 56 0b 02 00 00 01 04 9a 74 6a 0b 40 80 ab 00 00 00 00 00 00 00 00 00 00 00 00 00 00 00 00 00 00
81[32]: 56 0b 02 00 00 00 04 9a 74 6a 0b 40 80 aa 00 00 00 00 00 00 00 00 00 00 00 00 00 00 00 00 00 00
81[32]: 56 0b 02 00 00 01 04 9a 74 6a 0b 40 80 ab 00 00 00 00 00 00 00 00 00 00 00 00 00 00 00 00 00 00


81[32]: 56 0b 03 00 00 01 04 9a 74 6a 0b 40 80 ac 00 00 00 00 00 00 00 00 00 00 00 00 00 00 00 00 00 00
81[32]: 56 0b 03 00 00 00 04 9a 74 6a 0b 40 80 ab 00 00 00 00 00 00 00 00 00 00 00 00 00 00 00 00 00 00
81[32]: 56 0b 03 00 00 01 04 9a 74 6a 0b 40 80 ac 00 00 00 00 00 00 00 00 00 00 00 00 00 00 00 00 00 00
81[32]: 56 0b 03 00 00 00 04 9a 74 6a 0b 40 80 ab 00 00 00 00 00 00 00 00 00 00 00 00 00 00 00 00 00 00
81[32]: 56 0b 03 00 00 01 04 9a 74 6a 0b 40 80 ac 00 00 00 00 00 00 00 00 00 00 00 00 00 00 00 00 00 00
81[32]: 56 0b 03 00 00 00 04 9a 74 6a 0b 40 80 ab 00 00 00 00 00 00 00 00 00 00 00 00 00 00 00 00 00 00
81[32]: 56 0b 03 00 00 01 04 9a 74 6a 0b 40 80 ac 00 00 00 00 00 00 00 00 00 00 00 00 00 00 00 00 00 00
81[32]: 56 0b 03 00 00 00 04 9a 74 6a 0b 40 80 ab 00 00 00 00 00 00 00 00 00 00 00 00 00 00 00 00 00 00
81[32]: 56 0b 03 00 00 01 04 9a 74 6a 0b 40 80 ac 00 00 00 00 00 00 00 00 00 00 00 00 00 00 00 00 00 00
81[32]: 56 0b 03 00 00 00 04 9a 74 6a 0b 40 80 ab 00 00 00 00 00 00 00 00 00 00 00 00 00 00 00 00 00 00
81[32]: 56 0b 03 00 00 01 04 9a 74 6a 0b 40 80 ac 00 00 00 00 00 00 00 00 00 00 00 00 00 00 00 00 00 00
81[32]: 56 0b 03 00 00 00 04 9a 74 6a 0b 40 80 ab 00 00 00 00 00 00 00 00 00 00 00 00 00 00 00 00 00 00
81[32]: 56 0b 03 00 00 01 04 9a 74 6a 0b 40 80 ac 00 00 00 00 00 00 00 00 00 00 00 00 00 00 00 00 00 00
81[32]: 56 0b 03 00 00 00 04 9a 74 6a 0b 40 80 ab 00 00 00 00 00 00 00 00 00 00 00 00 00 00 00 00 00 00
81[32]: 56 0b 03 00 00 01 04 9a 74 6a 0b 40 80 ac 00 00 00 00 00 00 00 00 00 00 00 00 00 00 00 00 00 00
81[32]: 56 0b 03 00 00 00 04 9a 74 6a 0b 40 80 ab 00 00 00 00 00 00 00 00 00 00 00 00 00 00 00 00 00 00
81[32]: 56 0b 03 00 00 01 04 9a 74 6a 0b 40 80 ac 00 00 00 00 00 00 00 00 00 00 00 00 00 00 00 00 00 00
81[32]: 56 0b 03 00 00 00 04 9a 74 6a 0b 40 80 ab 00 00 00 00 00 00 00 00 00 00 00 00 00 00 00 00 00 00


81[32]: 56 0b 01 00 02 01 04 9a 74 6a 0b 40 80 ac 00 00 00 00 00 00 00 00 00 00 00 00 00 00 00 00 00 00
81[32]: 56 0b 01 00 02 00 04 9a 74 6a 0b 40 80 ab 00 00 00 00 00 00 00 00 00 00 00 00 00 00 00 00 00 00
81[32]: 56 0b 01 00 02 01 04 9a 74 6a 0b 40 80 ac 00 00 00 00 00 00 00 00 00 00 00 00 00 00 00 00 00 00